COMABOLODECHOCOLATE

1: CMO|CEH|E
2: ABO|COO
3: DLO|ALT
4: ABCDLMOOO
5: ACCEHLOOT
6: E

f1: 50, 68, 47, 19, 18, 37, 11, 55, 45, 10, 68, 14, 34, 04, 77, 25, 59, 38, 67, 47, 79
f2: 41, 44, 69, 53, 26, 70, 52, 46, 73, 57, 16, 23, 77, 75, 60, 18, 03, 02, 05, 30

1.
f1: 41, 44, 47, 50, 68, 69 | 11, 45, 46, 52, 55, 73 | 04, 34, 60, 75, 77, 77 | 05, 30, 47, 67, 79
f2: 18, 19, 26, 37, 53, 70 | 10, 14, 16, 23, 57, 68 | 02, 03, 18, 25, 38, 59

2.
f1: 41, 44, 47, 50, 68, 69, 18, 19, 26, 37, 53, 70 | 04, 34, 60, 75, 77, 77, 02, 03, 18, 25, 38, 59
f2: 11, 45, 46, 52, 55, 73, 10, 14, 16, 23, 57, 68 | 05, 30, 47, 67, 79

3.
f1: 41, 44, 47, 50, 68, 69, 18, 19, 26, 37, 53, 70, 11, 45, 46, 52, 55, 73, 10, 14, 16, 23, 57, 68
f2: 34, 04, 77, 77, 75, 60, 25, 59, 38, 18, 03, 02, 67, 47, 79, 05, 30

ini
f1: 07 12 | 20 31 | 52 17 | 03 18 | 40
f2: 65 18 | 04 33 | 10 02 | 15 22

1.
f1: 07 12 65 18 | 02 10 17 52 | 40
f2: 04 20 31 33 | 03 15 18 22

2.
f1: 04 07 12 65 18 04 20 31 33 40
f2: 02 03 10 17 52 03 15 18 22

ini
f1: 11 2 40 41 37 5 24 20 50 13 27 6 35 26
f2: 51 8 36 66 24 10 76 45 88 60 3 80 46

1.
f1: 11 51 | 36 40 | 37 24 | 24 76 | 50 88 | 27 3 | 35 46
f2: 2 8 | 41 66 | 5 10 | 20 45 | 13 60 | 6 80 | 26
